('cm1Source-cm1Target', 0),0.2906,0.086
('cm1Source-cm1Target', 10),0.29353999999999997,0.11200000000000002
('cm1Source-cm1Target', 20),0.26772,0.09119999999999999
('cm1Source-cm1Target', 30),0.27596000000000004,0.09060000000000001
('cm1Source-cm1Target', 40),0.26656,0.07880000000000001
('cm1Source-cm1Target', 50),0.2645,0.08480000000000001
('cm1Source-cm1Target', 60),0.27443999999999996,0.0842
('cm1Source-cm1Target', 70),0.24725999999999998,0.05499999999999999
('cm1Source-cm1Target', 80),0.2672800000000001,0.0654
('cm1Source-cm1Target', 90),0.24138,0.055799999999999995
('cm1Source-cm1Target', 100),0.2542,0.048
