('cm1Source-cm1Target', 0),0.20869999999999997,0.086
('cm1Source-cm1Target', 10),0.19182000000000002,0.1136
('cm1Source-cm1Target', 20),0.17448,0.07900000000000001
('cm1Source-cm1Target', 30),0.20751999999999998,0.11600000000000002
('cm1Source-cm1Target', 40),0.19549999999999998,0.0918
('cm1Source-cm1Target', 50),0.12626,0.0678
('cm1Source-cm1Target', 60),0.12090000000000001,0.0636
('cm1Source-cm1Target', 70),0.13466,0.0686
('cm1Source-cm1Target', 80),0.12618000000000001,0.0608
('cm1Source-cm1Target', 90),0.13113999999999998,0.06219999999999999
('cm1Source-cm1Target', 100),0.1099,0.048
